11111111
11111119
11111110
11111112
11111117
11111191
11111199
11111190
11111192
11111197
11111101
11111109
11111100
11111102
11111107
11111121
11111129
11111120
11111122
11111127
11111171
11111179
11111170
11111172
11111177
11111911
11111919
11111910
11111912
11111917
11111991
11111999
11111990
11111992
11111997
11111901
11111909
11111900
11111902
11111907
11111921
11111929
11111920
11111922
11111927
11111971
11111979
11111970
11111972
11111977
11111011
11111019
11111010
11111012
11111017
11111091
11111099
11111090
11111092
11111097
11111001
11111009
11111000
11111002
11111007
11111021
11111029
11111020
11111022
11111027
11111071
11111079
11111070
11111072
11111077
11111211
11111219
11111210
11111212
11111217
11111291
11111299
11111290
11111292
11111297
11111201
11111209
11111200
11111202
11111207
11111221
11111229
11111220
11111222
11111227
11111271
11111279
11111270
11111272
11111277
11111711
11111719
11111710
11111712
11111717
11111791
11111799
11111790
11111792
11111797
11111701
11111709
11111700
11111702
11111707
11111721
11111729
11111720
11111722
11111727
11111771
11111779
11111770
11111772
11111777
11119111
11119119
11119110
11119112
11119117
11119191
11119199
11119190
11119192
11119197
11119101
11119109
11119100
11119102
11119107
11119121
11119129
11119120
11119122
11119127
11119171
11119179
11119170
11119172
11119177
11119911
11119919
11119910
11119912
11119917
11119991
11119999
11119990
11119992
11119997
11119901
11119909
11119900
11119902
11119907
11119921
11119929
11119920
11119922
11119927
11119971
11119979
11119970
11119972
11119977
11119011
11119019
11119010
11119012
11119017
11119091
11119099
11119090
11119092
11119097
11119001
11119009
11119000
11119002
11119007
11119021
11119029
11119020
11119022
11119027
11119071
11119079
11119070
11119072
11119077
11119211
11119219
11119210
11119212
11119217
11119291
11119299
11119290
11119292
11119297
11119201
11119209
11119200
11119202
11119207
11119221
11119229
11119220
11119222
11119227
11119271
11119279
11119270
11119272
11119277
11119711
11119719
11119710
11119712
11119717
11119791
11119799
11119790
11119792
11119797
11119701
11119709
11119700
11119702
11119707
11119721
11119729
11119720
11119722
11119727
11119771
11119779
11119770
11119772
11119777
11110111
11110119
11110110
11110112
11110117
11110191
11110199
11110190
11110192
11110197
11110101
11110109
11110100
11110102
11110107
11110121
11110129
11110120
11110122
11110127
11110171
11110179
11110170
11110172
11110177
11110911
11110919
11110910
11110912
11110917
11110991
11110999
11110990
11110992
11110997
11110901
11110909
11110900
11110902
11110907
11110921
11110929
11110920
11110922
11110927
11110971
11110979
11110970
11110972
11110977
11110011
11110019
11110010
11110012
11110017
11110091
11110099
11110090
11110092
11110097
11110001
11110009
11110000
11110002
11110007
11110021
11110029
11110020
11110022
11110027
11110071
11110079
11110070
11110072
11110077
11110211
11110219
11110210
11110212
11110217
11110291
11110299
11110290
11110292
11110297
11110201
11110209
11110200
11110202
11110207
11110221
11110229
11110220
11110222
11110227
11110271
11110279
11110270
11110272
11110277
11110711
11110719
11110710
11110712
11110717
11110791
11110799
11110790
11110792
11110797
11110701
11110709
11110700
11110702
11110707
11110721
11110729
11110720
11110722
11110727
11110771
11110779
11110770
11110772
11110777
11112111
11112119
11112110
11112112
11112117
11112191
11112199
11112190
11112192
11112197
11112101
11112109
11112100
11112102
11112107
11112121
11112129
11112120
11112122
11112127
11112171
11112179
11112170
11112172
11112177
11112911
11112919
11112910
11112912
11112917
11112991
11112999
11112990
11112992
11112997
11112901
11112909
11112900
11112902
11112907
11112921
11112929
11112920
11112922
11112927
11112971
11112979
11112970
11112972
11112977
11112011
11112019
11112010
11112012
11112017
11112091
11112099
11112090
11112092
11112097
11112001
11112009
11112000
11112002
11112007
11112021
11112029
11112020
11112022
11112027
11112071
11112079
11112070
11112072
11112077
11112211
11112219
11112210
11112212
11112217
11112291
11112299
11112290
11112292
11112297
11112201
11112209
11112200
11112202
11112207
11112221
11112229
11112220
11112222
11112227
11112271
11112279
11112270
11112272
11112277
11112711
11112719
11112710
11112712
11112717
11112791
11112799
11112790
11112792
11112797
11112701
11112709
11112700
11112702
11112707
11112721
11112729
11112720
11112722
11112727
11112771
11112779
11112770
11112772
11112777
11117111
11117119
11117110
11117112
11117117
11117191
11117199
11117190
11117192
11117197
11117101
11117109
11117100
11117102
11117107
11117121
11117129
11117120
11117122
11117127
11117171
11117179
11117170
11117172
11117177
11117911
11117919
11117910
11117912
11117917
11117991
11117999
11117990
11117992
11117997
11117901
11117909
11117900
11117902
11117907
11117921
11117929
11117920
11117922
11117927
11117971
11117979
11117970
11117972
11117977
11117011
11117019
11117010
11117012
11117017
11117091
11117099
11117090
11117092
11117097
11117001
11117009
11117000
11117002
11117007
11117021
11117029
11117020
11117022
11117027
11117071
11117079
11117070
11117072
11117077
11117211
11117219
11117210
11117212
11117217
11117291
11117299
11117290
11117292
11117297
11117201
11117209
11117200
11117202
11117207
11117221
11117229
11117220
11117222
11117227
11117271
11117279
11117270
11117272
11117277
11117711
11117719
11117710
11117712
11117717
11117791
11117799
11117790
11117792
11117797
11117701
11117709
11117700
11117702
11117707
11117721
11117729
11117720
11117722
11117727
11117771
11117779
11117770
11117772
11117777
11191111
11191119
11191110
11191112
11191117
11191191
11191199
11191190
11191192
11191197
11191101
11191109
11191100
11191102
11191107
11191121
11191129
11191120
11191122
11191127
11191171
11191179
11191170
11191172
11191177
11191911
11191919
11191910
11191912
11191917
11191991
11191999
11191990
11191992
11191997
11191901
11191909
11191900
11191902
11191907
11191921
11191929
11191920
11191922
11191927
11191971
11191979
11191970
11191972
11191977
11191011
11191019
11191010
11191012
11191017
11191091
11191099
11191090
11191092
11191097
11191001
11191009
11191000
11191002
11191007
11191021
11191029
11191020
11191022
11191027
11191071
11191079
11191070
11191072
11191077
11191211
11191219
11191210
11191212
11191217
11191291
11191299
11191290
11191292
11191297
11191201
11191209
11191200
11191202
11191207
11191221
11191229
11191220
11191222
11191227
11191271
11191279
11191270
11191272
11191277
11191711
11191719
11191710
11191712
11191717
11191791
11191799
11191790
11191792
11191797
11191701
11191709
11191700
11191702
11191707
11191721
11191729
11191720
11191722
11191727
11191771
11191779
11191770
11191772
11191777
11199111
11199119
11199110
11199112
11199117
11199191
11199199
11199190
11199192
11199197
11199101
11199109
11199100
11199102
11199107
11199121
11199129
11199120
11199122
11199127
11199171
11199179
11199170
11199172
11199177
11199911
11199919
11199910
11199912
11199917
11199991
11199999
11199990
11199992
11199997
11199901
11199909
11199900
11199902
11199907
11199921
11199929
11199920
11199922
11199927
11199971
11199979
11199970
11199972
11199977
11199011
11199019
11199010
11199012
11199017
11199091
11199099
11199090
11199092
11199097
11199001
11199009
11199000
11199002
11199007
11199021
11199029
11199020
11199022
11199027
11199071
11199079
11199070
11199072
11199077
11199211
11199219
11199210
11199212
11199217
11199291
11199299
11199290
11199292
11199297
11199201
11199209
11199200
11199202
11199207
11199221
11199229
11199220
11199222
11199227
11199271
11199279
11199270
11199272
11199277
11199711
11199719
11199710
11199712
11199717
11199791
11199799
11199790
11199792
11199797
11199701
11199709
11199700
11199702
11199707
11199721
11199729
11199720
11199722
11199727
11199771
11199779
11199770
11199772
11199777
11190111
11190119
11190110
11190112
11190117
11190191
11190199
11190190
11190192
11190197
11190101
11190109
11190100
11190102
11190107
11190121
11190129
11190120
11190122
11190127
11190171
11190179
11190170
11190172
11190177
11190911
11190919
11190910
11190912
11190917
11190991
11190999
11190990
11190992
11190997
11190901
11190909
11190900
11190902
11190907
11190921
11190929
11190920
11190922
11190927
11190971
11190979
11190970
11190972
11190977
11190011
11190019
11190010
11190012
11190017
11190091
11190099
11190090
11190092
11190097
11190001
11190009
11190000
11190002
11190007
11190021
11190029
11190020
11190022
11190027
11190071
11190079
11190070
11190072
11190077
11190211
11190219
11190210
11190212
11190217
11190291
11190299
11190290
11190292
11190297
11190201
11190209
11190200
11190202
11190207
11190221
11190229
11190220
11190222
11190227
11190271
11190279
11190270
11190272
11190277
11190711
11190719
11190710
11190712
11190717
11190791
11190799
11190790
11190792
11190797
11190701
11190709
11190700
11190702
11190707
11190721
11190729
11190720
11190722
11190727
11190771
11190779
11190770
11190772
11190777
11192111
11192119
11192110
11192112
11192117
11192191
11192199
11192190
11192192
11192197
11192101
11192109
11192100
11192102
11192107
11192121
11192129
11192120
11192122
11192127
11192171
11192179
11192170
11192172
11192177
11192911
11192919
11192910
11192912
11192917
11192991
11192999
11192990
11192992
11192997
11192901
11192909
11192900
11192902
11192907
11192921
11192929
11192920
11192922
11192927
11192971
11192979
11192970
11192972
11192977
11192011
11192019
11192010
11192012
11192017
11192091
11192099
11192090
11192092
11192097
11192001
11192009
11192000
11192002
11192007
11192021
11192029
11192020
11192022
11192027
11192071
11192079
11192070
11192072
11192077
11192211
11192219
11192210
11192212
11192217
11192291
11192299
11192290
11192292
11192297
11192201
11192209
11192200
11192202
11192207
11192221
11192229
11192220
11192222
11192227
11192271
11192279
11192270
11192272
11192277
11192711
11192719
11192710
11192712
11192717
11192791
11192799
11192790
11192792
11192797
11192701
11192709
11192700
11192702
11192707
11192721
11192729
11192720
11192722
11192727
11192771
11192779
11192770
11192772
11192777
11197111
11197119
11197110
11197112
11197117
11197191
11197199
11197190
11197192
11197197
11197101
11197109
11197100
11197102
11197107
11197121
11197129
11197120
11197122
11197127
11197171
11197179
11197170
11197172
11197177
11197911
11197919
11197910
11197912
11197917
11197991
11197999
11197990
11197992
11197997
11197901
11197909
11197900
11197902
11197907
11197921
11197929
11197920
11197922
11197927
11197971
11197979
11197970
11197972
11197977
11197011
11197019
11197010
11197012
11197017
11197091
11197099
11197090
11197092
11197097
11197001
11197009
11197000
11197002
11197007
11197021
11197029
11197020
11197022
11197027
11197071
11197079
11197070
11197072
11197077
11197211
11197219
11197210
11197212
11197217
11197291
11197299
11197290
11197292
11197297
11197201
11197209
11197200
11197202
11197207
11197221
11197229
11197220
11197222
11197227
11197271
11197279
11197270
11197272
11197277
11197711
11197719
11197710
11197712
11197717
11197791
11197799
11197790
11197792
11197797
11197701
11197709
11197700
11197702
11197707
11197721
11197729
11197720
11197722
11197727
11197771
11197779
11197770
11197772
11197777
11101111
11101119
11101110
11101112
11101117
11101191
11101199
11101190
11101192
11101197
11101101
11101109
11101100
11101102
11101107
11101121
11101129
11101120
11101122
11101127
11101171
11101179
11101170
11101172
11101177
11101911
11101919
11101910
11101912
11101917
11101991
11101999
11101990
11101992
11101997
11101901
11101909
11101900
11101902
11101907
11101921
11101929
11101920
11101922
11101927
11101971
11101979
11101970
11101972
11101977
11101011
11101019
11101010
11101012
11101017
11101091
11101099
11101090
11101092
11101097
11101001
11101009
11101000
11101002
11101007
11101021
11101029
11101020
11101022
11101027
11101071
11101079
11101070
11101072
11101077
11101211
11101219
11101210
11101212
11101217
11101291
11101299
11101290
11101292
11101297
11101201
11101209
11101200
11101202
11101207
11101221
11101229
11101220
11101222
11101227
11101271
11101279
11101270
11101272
11101277
11101711
11101719
11101710
11101712
11101717
11101791
11101799
11101790
11101792
11101797
11101701
11101709
11101700
11101702
11101707
11101721
11101729
11101720
11101722
11101727
11101771
11101779
11101770
11101772
11101777
11109111
11109119
11109110
11109112
11109117
11109191
11109199
11109190
11109192
11109197
11109101
11109109
11109100
11109102
11109107
11109121
11109129
11109120
11109122
11109127
11109171
11109179
11109170
11109172
11109177
11109911
11109919
11109910
11109912
11109917
11109991
11109999
11109990
11109992
11109997
11109901
11109909
11109900
11109902
11109907
11109921
11109929
11109920
11109922
11109927
11109971
11109979
11109970
11109972
11109977
11109011
11109019
11109010
11109012
11109017
11109091
11109099
11109090
11109092
11109097
11109001
11109009
11109000
11109002
11109007
11109021
11109029
11109020
11109022
11109027
11109071
11109079
11109070
11109072
11109077
11109211
11109219
11109210
11109212
11109217
11109291
11109299
11109290
11109292
11109297
11109201
11109209
11109200
11109202
11109207
11109221
11109229
11109220
11109222
11109227
11109271
11109279
11109270
11109272
11109277
11109711
11109719
11109710
11109712
11109717
11109791
11109799
11109790
11109792
11109797
11109701
11109709
11109700
11109702
11109707
11109721
11109729
11109720
11109722
11109727
11109771
11109779
11109770
11109772
11109777
11100111
11100119
11100110
11100112
11100117
11100191
11100199
11100190
11100192
11100197
11100101
11100109
11100100
11100102
11100107
11100121
11100129
11100120
11100122
11100127
11100171
11100179
11100170
11100172
11100177
11100911
11100919
11100910
11100912
11100917
11100991
11100999
11100990
11100992
11100997
11100901
11100909
11100900
11100902
11100907
11100921
11100929
11100920
11100922
11100927
11100971
11100979
11100970
11100972
11100977
11100011
11100019
11100010
11100012
11100017
11100091
11100099
11100090
11100092
11100097
11100001
11100009
11100000
11100002
11100007
11100021
11100029
11100020
11100022
11100027
11100071
11100079
11100070
11100072
11100077
11100211
11100219
11100210
11100212
11100217
11100291
11100299
11100290
11100292
11100297
11100201
11100209
11100200
11100202
11100207
11100221
11100229
11100220
11100222
11100227
11100271
11100279
11100270
11100272
11100277
11100711
11100719
11100710
11100712
11100717
11100791
11100799
11100790
11100792
11100797
11100701
11100709
11100700
11100702
11100707
11100721
11100729
11100720
11100722
11100727
11100771
11100779
11100770
11100772
11100777
11102111
11102119
11102110
11102112
11102117
11102191
11102199
11102190
11102192
11102197
11102101
11102109
11102100
11102102
11102107
11102121
11102129
11102120
11102122
11102127
11102171
11102179
11102170
11102172
11102177
11102911
11102919
11102910
11102912
11102917
11102991
11102999
11102990
11102992
11102997
11102901
11102909
11102900
11102902
11102907
11102921
11102929
11102920
11102922
11102927
11102971
11102979
11102970
11102972
11102977
11102011
11102019
11102010
11102012
11102017
11102091
11102099
11102090
11102092
11102097
11102001
11102009
11102000
11102002
11102007
11102021
11102029
11102020
11102022
11102027
11102071
11102079
11102070
11102072
11102077
11102211
11102219
11102210
11102212
11102217
11102291
11102299
11102290
11102292
11102297
11102201
11102209
11102200
11102202
11102207
11102221
11102229
11102220
11102222
11102227
11102271
11102279
11102270
11102272
11102277
11102711
11102719
11102710
11102712
11102717
11102791
11102799
11102790
11102792
11102797
11102701
11102709
11102700
11102702
11102707
11102721
11102729
11102720
11102722
11102727
11102771
11102779
11102770
11102772
11102777
11107111
11107119
11107110
11107112
11107117
11107191
11107199
11107190
11107192
11107197
11107101
11107109
11107100
11107102
11107107
11107121
11107129
11107120
11107122
11107127
11107171
11107179
11107170
11107172
11107177
11107911
11107919
11107910
11107912
11107917
11107991
11107999
11107990
11107992
11107997
11107901
11107909
11107900
11107902
11107907
11107921
11107929
11107920
11107922
11107927
11107971
11107979
11107970
11107972
11107977
11107011
11107019
11107010
11107012
11107017
11107091
11107099
11107090
11107092
11107097
11107001
11107009
11107000
11107002
11107007
11107021
11107029
11107020
11107022
11107027
11107071
11107079
11107070
11107072
11107077
11107211
11107219
11107210
11107212
11107217
11107291
11107299
11107290
11107292
11107297
11107201
11107209
11107200
11107202
11107207
11107221
11107229
11107220
11107222
11107227
11107271
11107279
11107270
11107272
11107277
11107711
11107719
11107710
11107712
11107717
11107791
11107799
11107790
11107792
11107797
11107701
11107709
11107700
11107702
11107707
11107721
11107729
11107720
11107722
11107727
11107771
11107779
11107770
11107772
11107777
11121111
11121119
11121110
11121112
11121117
11121191
11121199
11121190
11121192
11121197
11121101
11121109
11121100
11121102
11121107
11121121
11121129
11121120
11121122
11121127
11121171
11121179
11121170
11121172
11121177
11121911
11121919
11121910
11121912
11121917
11121991
11121999
11121990
11121992
11121997
11121901
11121909
11121900
11121902
11121907
11121921
11121929
11121920
11121922
11121927
11121971
11121979
11121970
11121972
11121977
11121011
11121019
11121010
11121012
11121017
11121091
11121099
11121090
11121092
11121097
11121001
11121009
11121000
11121002
11121007
11121021
11121029
11121020
11121022
11121027
11121071
11121079
11121070
11121072
11121077
11121211
11121219
11121210
11121212
11121217
11121291
11121299
11121290
11121292
11121297
11121201
11121209
11121200
11121202
11121207
11121221
11121229
11121220
11121222
11121227
11121271
11121279
11121270
11121272
11121277
11121711
11121719
11121710
11121712
11121717
11121791
11121799
11121790
11121792
11121797
11121701
11121709
11121700
11121702
11121707
11121721
11121729
11121720
11121722
11121727
11121771
11121779
11121770
11121772
19102017
guenafiar
